/begin_header
/delimiter=space
/missing=-999
!
! Spectral response functions for SeaWiFS 
! wavlength range 380 - 1100nm
!
/fields=wavelength,RSR_412,RSR_443,RSR_490,RSR_510,RSR_555,RSR_670,RSR_765,RSR_865
/end_header
 380.0  0.000126000    0.0213180    0.0125350   0.00823600  0.000149000  0.000231000   0.00933900  3.60000E-05
 381.0  0.000133000    0.0320670    0.0122080   0.00746900  0.000120000  0.000312000   0.00564800  0.000138000
 382.0  0.000140000    0.0438340    0.0115180   0.00654700  9.50000E-05  0.000350000   0.00152700  0.000250000
 383.0  0.000150000    0.0360190   0.00953700   0.00746900   0.00161900  0.000780000   0.00118000  0.000165000
 384.0  0.000161000    0.0267480   0.00756800   0.00851400   0.00365900   0.00131100  0.000877000  9.40000E-05
 385.0  0.000173000    0.0155600   0.00541400   0.00949500   0.00605700   0.00190900  0.000628000  3.60000E-05
 386.0  0.000185000   0.00296600   0.00319200    0.0104980   0.00861400   0.00252400  0.000413000  4.00000E-06
 387.0   0.00470400   0.00196100   0.00432900   0.00988000   0.00772500   0.00256000  0.000297000  4.00000E-06
 388.0   0.00994600  0.000829000   0.00561500   0.00909500   0.00671200   0.00256100  0.000186000  3.00000E-06
 389.0    0.0162070  0.000220000   0.00707200   0.00812700   0.00566000   0.00255100  9.70000E-05  3.00000E-06
 390.0    0.0134170  0.000232000   0.00870100   0.00695200   0.00453200   0.00249700  2.20000E-05  3.00000E-06
 391.0    0.0160900  0.000244000   0.00618700   0.00735900   0.00816700   0.00305200  9.50000E-05  3.00000E-06
 392.0    0.0277340   0.00102800   0.00387700   0.00760600    0.0128220   0.00369400  0.000174000  3.00000E-06
 393.0    0.0340790   0.00270500   0.00180400   0.00754400    0.0186680   0.00442700  0.000272000  3.00000E-06
 394.0    0.0580860   0.00512600  9.30000E-05   0.00736600    0.0258760   0.00527300  0.000381000  4.00000E-06
 395.0    0.0799920   0.00474100  7.80000E-05   0.00618500    0.0213270   0.00515000  0.000331000  3.00000E-06
 396.0     0.118939   0.00431400  5.70000E-05   0.00483200    0.0170380   0.00497600  0.000283000  4.60000E-05
 397.0     0.180737   0.00320500  3.70000E-05   0.00330600    0.0130720   0.00474300  0.000233000  0.000104000
 398.0     0.313138   0.00266600  1.00000E-05   0.00158300   0.00946400   0.00445900  0.000191000  0.000137000
 399.0     0.571193   0.00485300  4.30000E-05   0.00239300    0.0140930   0.00432100  0.000230000  0.000236000
 400.0      1.07726   0.00721100  7.50000E-05   0.00316700    0.0196310   0.00395100  0.000266000  0.000371000
 401.0      1.86518   0.00953900  0.000105000   0.00373900    0.0258160   0.00331000  0.000285000  0.000545000
 402.0      2.85979    0.0119440  0.000129000   0.00429400    0.0327360   0.00244000  0.000303000  0.000762000
 403.0      3.88962   0.00834100   0.00166800   0.00361500    0.0307640   0.00227600  0.000545000   0.00875200
 404.0      4.73963   0.00462100   0.00339500   0.00282600    0.0285320   0.00209400  0.000753000    0.0154960
 405.0      5.40069  0.000783000   0.00521400   0.00188700    0.0260340   0.00189400  0.000906000    0.0208650
 406.0      5.95104  0.000398000   0.00730400  0.000888000    0.0233200   0.00168100   0.00101000    0.0247540
 407.0      6.42619  0.000405000   0.00594700  0.000732000    0.0201640   0.00180000   0.00114900    0.0247340
 408.0      6.75686  0.000413000   0.00454600  0.000569000    0.0170870   0.00190400   0.00130800    0.0245000
 409.0      6.89851  0.000422000   0.00323800  0.000413000    0.0141150   0.00200700   0.00147000    0.0240360
 410.0      6.94798   0.00171800   0.00208700  0.000281000    0.0112550   0.00209400   0.00164500    0.0233310
 411.0      7.05732   0.00173900   0.00699100  0.000317000    0.0186430   0.00228800   0.00316700    0.0266360
 412.0      7.32104   0.00264100    0.0120560  0.000359000    0.0268730   0.00249300   0.00439600    0.0289800
 413.0      7.62038   0.00267300    0.0177020  0.000407000    0.0359730   0.00270000   0.00532400    0.0303100
 414.0      7.83825   0.00270600    0.0232230  0.000453000    0.0459840   0.00292800   0.00592000    0.0305880
 415.0      8.02084   0.00930400    0.0194060   0.00124100    0.0416240   0.00254900   0.00854300    0.0257990
 416.0      8.07934    0.0163150    0.0152250   0.00209100    0.0372310   0.00217600    0.0105710    0.0214600
 417.0      8.13443    0.0247400    0.0106800   0.00300000    0.0328530   0.00180500    0.0120170    0.0175740
 418.0      8.19413    0.0326550   0.00574900   0.00398000    0.0285420   0.00145800    0.0129170    0.0141220
 419.0      8.03087    0.0343430   0.00713900    0.0102700    0.0338710   0.00247800    0.0142220    0.0156320
 420.0      7.56384    0.0424520   0.00863500    0.0165700    0.0394540   0.00373300    0.0148170    0.0163490
 421.0      6.71555    0.0517830   0.00984000    0.0221850    0.0458730   0.00528700    0.0147700    0.0163500
 422.0      5.62239    0.0679780    0.0109310    0.0273580    0.0525440   0.00712100    0.0137210    0.0152250
 423.0      4.48237    0.0901380   0.00823700    0.0217380    0.0599450   0.00716000    0.0114560    0.0146390
 424.0      3.43517     0.134381   0.00574700    0.0166640    0.0670560   0.00718400   0.00942400    0.0138440
 425.0      2.52193     0.198226   0.00311600    0.0111700    0.0738190   0.00719000   0.00761300    0.0128570
 426.0      1.72294     0.299946  0.000570000   0.00597500    0.0801950   0.00718000   0.00602100    0.0117010
 427.0      1.10379     0.463451  0.000442000    0.0108830    0.0823840   0.00680700   0.00599400    0.0111510
 428.0     0.659141     0.714169  0.000302000    0.0154930    0.0844100   0.00636400   0.00585800    0.0104570
 429.0     0.383391      1.10892  0.000166000    0.0205060    0.0862760   0.00583200   0.00559600   0.00960900
 430.0     0.246116      1.69082  3.10000E-05    0.0249470    0.0879710   0.00524100   0.00519600   0.00859800
 431.0     0.159507      2.53591  3.20000E-05    0.0204270    0.0887600   0.00523500   0.00500200   0.00747300
 432.0     0.117349      3.68704  2.80000E-05    0.0154810    0.0893220   0.00521500   0.00471600   0.00641500
 433.0    0.0919870      5.05419  2.90000E-05    0.0101080    0.0896790   0.00518300   0.00433800   0.00541000
 434.0    0.0724360      6.53213  2.40000E-05   0.00428800    0.0897690   0.00513700   0.00386700   0.00444800
 435.0    0.0611120      7.83017  2.50000E-05   0.00718900    0.0911220   0.00714000   0.00301200   0.00391000
 436.0    0.0535760      8.90403  1.90000E-05    0.0104170    0.0921140   0.00899100   0.00228700   0.00340700
 437.0    0.0472760      9.73746  1.30000E-05    0.0135300    0.0927190    0.0107100   0.00167400   0.00292800
 438.0    0.0316690      10.4403  1.40000E-05    0.0171200    0.0929180    0.0122720   0.00116300   0.00246500
 439.0    0.0272430      11.3289  0.000104000    0.0688870    0.0858870    0.0135960   0.00123500   0.00190400
 440.0    0.0224940      12.1089  0.000252000    0.0872790    0.0780380    0.0147230   0.00126900   0.00138800
 441.0    0.0169870      12.4205  0.000251000    0.0487060    0.0709380    0.0158830   0.00128900  0.000949000
 442.0    0.0114270      12.5900  0.000320000    0.0105320    0.0632280    0.0167810   0.00127200  0.000564000
 443.0    0.0115270      12.7731  0.000191000   0.00834000    0.0620800    0.0141080   0.00120200  0.000506000
 444.0    0.0116150      12.9824  3.40000E-05   0.00644600    0.0609010    0.0113810   0.00114000  0.000453000
 445.0    0.0102610      13.2648  3.10000E-05   0.00384200    0.0596790   0.00858700   0.00107200  0.000400000
 446.0    0.0103710      13.4286  3.30000E-05   0.00180000    0.0584380   0.00575000   0.00101100  0.000352000
 447.0   0.00897900      13.3446  3.30000E-05   0.00167000    0.0608750   0.00577000   0.00105900  0.000600000
 448.0   0.00755900      12.9775  3.20000E-05   0.00149100    0.0633410   0.00580400   0.00109100  0.000820000
 449.0   0.00609600      12.3376  3.20000E-05   0.00136500    0.0658450   0.00582400   0.00111300   0.00101300
 450.0   0.00461300      11.5890  3.30000E-05   0.00131100    0.0683820   0.00585700   0.00113500   0.00118900
 451.0   0.00465600      10.7000  3.30000E-05   0.00117000    0.0586140   0.00568600  0.000999000   0.00121800
 452.0   0.00469300      9.55397  7.40000E-05   0.00124300    0.0486650   0.00552400  0.000870000   0.00124100
 453.0   0.00314800      8.03844  0.000133000  0.000996000    0.0385230   0.00534600  0.000748000   0.00125800
 454.0   0.00316400      6.26870  0.000141000  0.000984000    0.0281950   0.00516300  0.000632000   0.00127000
 455.0   0.00318800      4.54712  0.000149000   0.00103800    0.0324020   0.00698600  0.000681000   0.00119100
 456.0   0.00319500      3.03713  0.000159000   0.00103200    0.0366630   0.00884600  0.000723000   0.00111400
 457.0   0.00160000      1.96283  8.80000E-05   0.00113900    0.0409550    0.0107130  0.000757000   0.00103800
 458.0   0.00159800      1.25931  0.000106000   0.00126000    0.0453120    0.0126020  0.000784000  0.000963000
 459.0   0.00158600     0.816735  0.000255000   0.00152400    0.0580050    0.0125970  0.000684000  0.000930000
 460.0  0.000780000     0.552140  0.000673000   0.00201700    0.0707130    0.0127170  0.000597000  0.000909000
 461.0  0.000753000     0.382636   0.00118800   0.00261300    0.0817160    0.0126420  0.000506000  0.000875000
 462.0  0.000710000     0.258311   0.00202600   0.00371300    0.0930710    0.0127280  0.000425000  0.000853000
 463.0  0.000644000     0.172666   0.00488600   0.00537400    0.0833920    0.0145780  0.000412000  0.000764000
 464.0  0.000566000     0.115408   0.00863600   0.00664300    0.0736200    0.0164610  0.000403000  0.000688000
 465.0  0.000498000    0.0815750    0.0132370   0.00827300    0.0637120    0.0183510  0.000389000  0.000605000
 466.0  0.000446000    0.0526160    0.0188820   0.00944100    0.0537090    0.0202630  0.000380000  0.000534000
 467.0  0.000410000    0.0393570    0.0353690    0.0114430    0.0471630    0.0204840  0.000331000  0.000519000
 468.0  0.000366000    0.0278280    0.0478750    0.0136780    0.0404930    0.0207030  0.000289000  0.000511000
 469.0  0.000291000    0.0157010    0.0777980    0.0158230    0.0337110    0.0209100  0.000249000  0.000503000
 470.0  0.000188000   0.00638100     0.134993    0.0201710    0.0268180    0.0211340  0.000207000  0.000486000
 471.0  8.50000E-05   0.00254600     0.223571    0.0227060    0.0390310    0.0235010  0.000276000  0.000523000
 472.0  8.70000E-05   0.00244500     0.333354    0.0252270    0.0513890    0.0259090  0.000346000  0.000552000
 473.0  0.000105000   0.00251500     0.499674    0.0248950    0.0638720    0.0283280  0.000421000  0.000583000
 474.0  0.000121000   0.00241200     0.742432    0.0246300    0.0765200    0.0307900  0.000508000  0.000623000
 475.0  0.000122000   0.00218700      1.13785    0.0265850    0.0578650    0.0295410  0.000488000  0.000570000
 476.0  0.000112000   0.00179000      1.73233    0.0270680    0.0409900    0.0287300  0.000480000  0.000536000
 477.0  0.000196000   0.00157100      2.63938    0.0277440    0.0248230    0.0279220  0.000472000  0.000503000
 478.0  0.000337000   0.00118100      3.90106    0.0302550   0.00921200    0.0266520  0.000446000  0.000456000
 479.0  0.000160000  0.000801000      5.58373    0.0325750   0.00750300    0.0268700  0.000429000  0.000533000
 480.0  8.20000E-05  0.000654000      7.71374    0.0367140   0.00552600    0.0265760  0.000388000  0.000600000
 481.0  8.50000E-05  0.000341000      10.1147    0.0405980   0.00343700    0.0262200  0.000339000  0.000672000
 482.0  8.80000E-05  8.80000E-05      12.6790    0.0427890   0.00125800    0.0261760  0.000288000  0.000772000
 483.0  8.40000E-05  0.000337000      15.0368    0.0626700   0.00100300    0.0289080  0.000222000  0.000739000
 484.0  7.70000E-05  0.000459000      17.0083    0.0854690  0.000761000    0.0318410  0.000163000  0.000717000
 485.0  6.70000E-05  0.000667000      18.3718     0.107130  0.000542000    0.0345910  0.000106000  0.000695000
 486.0  5.60000E-05  0.000670000      19.1240     0.129369  0.000315000    0.0365580  5.10000E-05  0.000662000
 487.0  4.90000E-05  0.000491000      19.4376     0.160280  0.000284000    0.0367400  4.40000E-05  0.000718000
 488.0  5.10000E-05  0.000405000      19.3758     0.211608  0.000244000    0.0361370  3.60000E-05  0.000775000
 489.0  0.000233000  0.000350000      19.1936     0.291511  0.000185000    0.0353450  2.60000E-05  0.000824000
 490.0  0.000422000  0.000282000      18.9865     0.398376  0.000136000    0.0349150  1.40000E-05  0.000900000
 491.0   0.00153200  0.000341000      18.7336     0.551413  0.000115000    0.0260920  1.20000E-05  0.000840000
 492.0   0.00287800  0.000192000      18.6273     0.794821  9.70000E-05    0.0183410  1.00000E-05  0.000795000
 493.0   0.00448100  0.000102000      18.7525      1.18018  8.00000E-05    0.0111130  9.00000E-06  0.000753000
 494.0   0.00576200  0.000103000      18.8468      1.75229  6.30000E-05   0.00425700  7.00000E-06  0.000696000
 495.0    0.0136740  1.00000E-04      19.2111      2.65417  5.10000E-05   0.00334900  6.00000E-06  0.000714000
 496.0    0.0206110  9.40000E-05      19.3406      3.98886  5.20000E-05   0.00241500  5.00000E-06  0.000729000
 497.0    0.0260710  8.70000E-05      19.0721      5.86501  5.20000E-05   0.00144300  5.00000E-06  0.000743000
 498.0    0.0318270  8.40000E-05      18.1663      8.36206  4.00000E-05  0.000451000  4.00000E-06  0.000757000
 499.0    0.0238570  8.20000E-05      16.5191      11.4240  0.000118000   0.00114000  9.00000E-06   0.00207500
 500.0    0.0169300  8.20000E-05      13.8815      14.5619  0.000196000   0.00157200  1.10000E-05   0.00320400
 501.0   0.00823500  0.000138000      10.8958      17.4556  0.000136000   0.00129100  8.00000E-06   0.00298900
 502.0   0.00179500  0.000113000      8.02940      19.8399  0.000137000  0.000959000  5.00000E-06   0.00271100
 503.0   0.00193500  0.000102000      5.55515      21.3960  0.000133000   0.00319900  6.00000E-06   0.00329500
 504.0   0.00208700  4.60000E-05      3.66314      21.9307  0.000206000   0.00557200  7.00000E-06   0.00401700
 505.0   0.00207800  4.00000E-05      2.38625      21.9955  0.000193000   0.00733800  6.00000E-06   0.00427500
 506.0   0.00201900  3.50000E-05      1.55499      21.8727  0.000229000    0.0113030  6.00000E-06   0.00561600
 507.0   0.00834100  3.00000E-05      1.02035      21.5141  0.000201000   0.00770500  6.00000E-06   0.00498400
 508.0    0.0124230  2.50000E-05     0.682895      21.3611  0.000222000   0.00606500  6.00000E-06   0.00551200
 509.0    0.0141140  3.90000E-05     0.471103      21.3995  0.000236000   0.00385400  7.00000E-06   0.00592000
 510.0    0.0134560  2.90000E-05     0.335475      21.6046  0.000236000   0.00126000  7.00000E-06   0.00593000
 511.0    0.0155910  8.50000E-05     0.243379      21.7180  0.000244000   0.00105600  7.00000E-06   0.00642800
 512.0    0.0147770  0.000170000     0.174209      21.9431  0.000252000  0.000840000  6.00000E-06   0.00689300
 513.0    0.0107980  0.000285000     0.135861      22.1167  0.000253000  0.000506000  5.00000E-06   0.00721200
 514.0   0.00376500  0.000428000     0.109519      22.1346  0.000261000  0.000261000  5.00000E-06   0.00766000
 515.0   0.00379100  0.000316000    0.0815760      22.1287  0.000277000  0.000370000  5.00000E-06   0.00832800
 516.0   0.00368000  0.000289000    0.0627610      21.7634  0.000287000  0.000478000  5.00000E-06   0.00873000
 517.0   0.00358000  0.000261000    0.0532850      20.9215  0.000310000  0.000516000  4.00000E-06   0.00965500
 518.0   0.00336100  0.000174000    0.0461380      19.5014  0.000318000  0.000636000  3.00000E-06    0.0100460
 519.0   0.00586200  0.000356000    0.0414020      17.4347  0.000568000  0.000682000  3.00000E-06    0.0116450
 520.0   0.00840000  0.000544000    0.0366090      14.8144  0.000728000  0.000728000  2.00000E-06    0.0133960
 521.0    0.0110720  0.000677000    0.0317630      11.8377   0.00105000  0.000787000  1.00000E-06    0.0154030
 522.0    0.0137320  0.000870000    0.0267120      8.86819   0.00133200  0.000888000  1.00000E-06    0.0184570
 523.0    0.0112130   0.00298200    0.0239440      6.25888   0.00162000  0.000900000  2.00000E-06    0.0236050
 524.0   0.00850900   0.00533500    0.0212870      4.28561   0.00214800  0.000859000  2.00000E-06    0.0294170
 525.0   0.00540500   0.00776100    0.0184560      2.82595   0.00249300  0.000748000  6.00000E-06    0.0354060
 526.0   0.00211300    0.0101410    0.0156410      1.84334   0.00360100  0.000655000  8.00000E-06    0.0479160
 527.0   0.00158500   0.00758200    0.0127270      1.18989   0.00585000  0.000900000  1.00000E-05    0.0567350
 528.0   0.00110900   0.00495800    0.0116940     0.765897   0.00941000   0.00125500  1.20000E-05    0.0675970
 529.0  0.000592000   0.00254700   0.00859600     0.483058    0.0157210   0.00174700  1.50000E-05    0.0787090
 530.0  0.000210000  0.000472000   0.00592000     0.300412    0.0227700   0.00227700  1.70000E-05    0.0845750
 531.0  0.000213000  0.000426000   0.00508600     0.194509    0.0488240   0.00406900  1.80000E-05     0.100190
 532.0  0.000221000  0.000442000   0.00456900     0.134781    0.0768950   0.00753900  1.80000E-05     0.109626
 533.0  0.000172000  0.000459000   0.00313800    0.0962070    0.0911460   0.00976600  1.70000E-05     0.113269
 534.0  0.000170000  0.000397000   0.00276700    0.0682490     0.122159    0.0123930  1.60000E-05     0.116588
 535.0  0.000102000  0.000407000   0.00223400    0.0461690     0.164162   0.00988900  3.90000E-05     0.146315
 536.0  8.00000E-05  0.000358000   0.00159100    0.0270390     0.224583   0.00667100  7.10000E-05     0.185263
 537.0  2.90000E-05  0.000286000   0.00104700    0.0139530     0.321737   0.00243700  0.000112000     0.227021
 538.0  1.10000E-05  0.000248000  0.000763000   0.00736700     0.453258   0.00128000  0.000156000     0.262709
 539.0  1.00000E-05  0.000471000  0.000960000   0.00624000     0.701450   0.00129400  0.000148000     0.240983
 540.0  1.10000E-05  0.000718000   0.00103400   0.00594000      1.06063   0.00128400  0.000137000     0.213809
 541.0  2.20000E-05  0.000989000   0.00112600   0.00534600      1.68459   0.00254500  0.000125000     0.188065
 542.0  2.20000E-05   0.00127400   0.00150000   0.00479800      2.75057   0.00505600  0.000115000     0.166301
 543.0  6.20000E-05   0.00576400   0.00152600   0.00427100      4.57930   0.00506000  0.000115000     0.171397
 544.0  9.20000E-05   0.00922500   0.00121900   0.00395900      7.39533   0.00253400  9.20000E-05     0.176580
 545.0  0.000113000    0.0117580   0.00121700   0.00334500      11.0770   0.00126700  9.20000E-05     0.181629
 546.0  0.000125000    0.0131570   0.00119600   0.00269000      15.2753   0.00127500  9.30000E-05     0.187709
 547.0  0.000121000    0.0102060   0.00147100   0.00264600      19.2443   0.00512400  8.60000E-05     0.173929
 548.0  0.000131000   0.00750400   0.00146000   0.00233500      22.1406    0.0102970  7.80000E-05     0.157985
 549.0  0.000123000   0.00470100   0.00166700   0.00222300      23.9074    0.0130030  5.30000E-05     0.144750
 550.0  0.000133000   0.00232600   0.00166600   0.00222100      24.5792    0.0184070  4.70000E-05     0.129179
 551.0  0.000128000   0.00210200   0.00165400   0.00220500      24.7468    0.0185930  4.40000E-05     0.118410
 552.0  0.000136000   0.00186500   0.00165500   0.00220600      24.7205    0.0187240  4.00000E-05     0.107313
 553.0  0.000125000   0.00150700   0.00159000   0.00211900      24.8123    0.0162010  3.60000E-05    0.0965110
 554.0  0.000124000   0.00111900   0.00150600   0.00200800      25.0978    0.0163270  3.30000E-05    0.0855670
 555.0  0.000117000   0.00119200   0.00190100   0.00190000      25.3574    0.0136830  3.30000E-05    0.0876110
 556.0  9.70000E-05   0.00125300   0.00224600   0.00179700      25.6986    0.0137720  4.40000E-05    0.0897580
 557.0  9.10000E-05   0.00129700   0.00232900   0.00148200      26.1446    0.0111080  4.40000E-05    0.0920720
 558.0  8.60000E-05   0.00134200   0.00262000   0.00141000      26.2186   0.00839200  4.50000E-05    0.0943470
 559.0  6.80000E-05  0.000940000   0.00310600   0.00135900      25.6971    0.0112120  4.30000E-05    0.0896110
 560.0  4.50000E-05  0.000618000   0.00365600   0.00153900      24.5113    0.0112500  3.90000E-05    0.0826460
 561.0  2.90000E-05  0.000293000   0.00356500   0.00135800      22.1530    0.0111620  4.60000E-05    0.0771360
 562.0  1.20000E-05  7.00000E-05   0.00352800   0.00117600      19.1397    0.0138490  4.20000E-05    0.0694510
 563.0  1.10000E-05  5.50000E-05   0.00515900   0.00121400      15.8004    0.0111090  4.60000E-05    0.0779940
 564.0  1.00000E-05  4.60000E-05   0.00674700   0.00125500      12.3394   0.00837500  5.90000E-05    0.0846300
 565.0  4.70000E-06  3.30000E-05   0.00857900   0.00113300      9.13707   0.00560400  7.40000E-05    0.0938220
 566.0  4.30000E-06  2.10000E-05    0.0103590   0.00116900      6.46598   0.00281500  7.90000E-05     0.100923
 567.0  4.00000E-06  2.40000E-05    0.0194480   0.00118400      4.42987   0.00561800  7.90000E-05    0.0930930
 568.0  7.20000E-06  2.90000E-05    0.0289600   0.00120000      3.04141   0.00841700  9.00000E-05    0.0853790
 569.0  6.60000E-06  3.00000E-05    0.0384800   0.00121300      2.11526    0.0111920  8.90000E-05    0.0775480
 570.0  5.90000E-06  3.00000E-05    0.0482390   0.00122800      1.47668    0.0139570  8.90000E-05    0.0697950
 571.0  5.50000E-06  2.50000E-05    0.0689550   0.00137900      1.06067    0.0112240  9.60000E-05    0.0583850
 572.0  5.10000E-06  2.00000E-05    0.0886210   0.00135300     0.798553    0.0112870  0.000109000    0.0464340
 573.0  2.40000E-06  1.90000E-05     0.107454   0.00132700     0.617437   0.00849700  0.000112000    0.0366930
 574.0  2.20000E-06  1.50000E-05     0.125578   0.00146200     0.492446   0.00569300  0.000111000    0.0269000
 575.0  1.10000E-06  1.10000E-05     0.111424   0.00142400     0.388155   0.00856200  0.000133000    0.0270470
 576.0  1.10000E-06  6.00000E-06    0.0978530   0.00138500     0.305750    0.0114300  0.000151000    0.0279590
 577.0  1.00000E-06  2.00000E-06    0.0848660   0.00149700     0.277905    0.0114600  0.000175000    0.0279760
 578.0  1.00000E-06  1.00000E-06    0.0725990   0.00145800     0.221661    0.0143940  0.000202000    0.0280100
 579.0  1.00000E-06  1.00000E-06    0.0638300   0.00144400     0.181526    0.0115250  0.000239000    0.0331730
 580.0  1.00000E-06  1.00000E-06    0.0551150   0.00157500     0.121215    0.0115440  0.000285000    0.0396570
 581.0  1.00000E-06  1.00000E-06    0.0465630   0.00170400     0.124360    0.0115680  0.000338000    0.0454890
 582.0  9.00000E-07  2.00000E-06    0.0382020   0.00168500    0.0809670   0.00867500  0.000382000    0.0514830
 583.0  1.20000E-06  3.00000E-06    0.0364140   0.00200700    0.0692950   0.00577500  0.000358000    0.0577110
 584.0  1.50000E-06  3.00000E-06    0.0343890   0.00234100    0.0578140   0.00578100  0.000335000    0.0640930
 585.0  1.80000E-06  4.00000E-06    0.0322370   0.00268600    0.0462100   0.00288800  0.000300000    0.0703430
 586.0  2.10000E-06  5.00000E-06    0.0300310   0.00303300    0.0345880   0.00144100  0.000277000    0.0764980
 587.0  2.40000E-06  3.00000E-06    0.0302300   0.00379800    0.0345150   0.00143800  0.000254000    0.0747300
 588.0  2.60000E-06  3.00000E-06    0.0301550   0.00477900    0.0344300   0.00143500  0.000232000    0.0740870
 589.0  2.80000E-06  3.00000E-06    0.0300710   0.00563800    0.0342720   0.00142800  0.000192000    0.0725020
 590.0  3.10000E-06  3.00000E-06    0.0299000   0.00672300    0.0341240   0.00142200  0.000156000    0.0688340
 591.0  2.80000E-06  3.00000E-06    0.0298140   0.00883400    0.0311800   0.00141700  0.000140000    0.0540700
 592.0  2.60000E-06  3.00000E-06    0.0298470    0.0110970    0.0282230   0.00141100  0.000113000    0.0410370
 593.0  2.40000E-06  3.00000E-06    0.0295640    0.0134920    0.0252960   0.00140500  9.80000E-05    0.0298220
 594.0  2.10000E-06  3.00000E-06    0.0294670    0.0160730    0.0224200   0.00140100  8.40000E-05    0.0204000
 595.0  2.00000E-06  2.00000E-06    0.0274940    0.0157100    0.0196560   0.00140400  8.40000E-05    0.0183700
 596.0  1.90000E-06  2.00000E-06    0.0254740    0.0155330    0.0168610   0.00140500  8.40000E-05    0.0163130
 597.0  1.70000E-06  2.00000E-06    0.0233010    0.0151870    0.0140990   0.00141000  8.40000E-05    0.0142860
 598.0  1.60000E-06  2.00000E-06    0.0212630    0.0148000    0.0112880   0.00282200  8.40000E-05    0.0122250
 599.0  2.20000E-06  3.00000E-06    0.0182660    0.0125080    0.0113410   0.00283500  9.30000E-05    0.0109090
 600.0  2.70000E-06  3.00000E-06    0.0154060    0.0103330   0.00851800   0.00283900  0.000102000   0.00953800
 601.0  3.10000E-06  4.00000E-06    0.0127920   0.00817300   0.00568500   0.00284300  0.000111000   0.00817100
 602.0  3.50000E-06  4.00000E-06    0.0103530   0.00634500   0.00567600   0.00283800  0.000119000   0.00677200
 603.0  3.70000E-06  4.00000E-06   0.00839600   0.00519000   0.00568800   0.00568800  0.000187000   0.00578300
 604.0  3.90000E-06  4.00000E-06   0.00666700   0.00402800   0.00854200   0.00569500  0.000247000   0.00478500
 605.0  7.80000E-06  4.00000E-06   0.00514500   0.00313700   0.00856900   0.00856900  0.000308000   0.00379100
 606.0  7.80000E-06  4.00000E-06   0.00382900   0.00236400   0.00858600   0.00858600  0.000377000   0.00278800
 607.0  7.40000E-06  4.00000E-06   0.00327800   0.00211500   0.00859300   0.00859300  0.000784000   0.00265500
 608.0  7.00000E-06  4.00000E-06   0.00277000   0.00187900    0.0114600   0.00859500   0.00123300   0.00237700
 609.0  6.60000E-06  4.00000E-06   0.00230300   0.00165800    0.0114630   0.00573200   0.00176500   0.00209200
 610.0  6.10000E-06  4.00000E-06   0.00187700   0.00145000    0.0114520   0.00572600   0.00231600   0.00169700
 611.0  3.10000E-06  4.00000E-06   0.00191100   0.00165000   0.00858900   0.00572600   0.00932300   0.00146900
 612.0  3.10000E-06  4.00000E-06   0.00194800   0.00177000   0.00571800   0.00285900    0.0151030   0.00121900
 613.0  3.10000E-06  4.00000E-06   0.00197900   0.00197800   0.00570900   0.00142700    0.0203640   0.00101500
 614.0  3.10000E-06  4.00000E-06   0.00201600   0.00210800   0.00285300   0.00142600    0.0240690  0.000811000
 615.0  3.40000E-06  4.00000E-06   0.00227700   0.00246600   0.00568200   0.00142100    0.0297500  0.000765000
 616.0  3.60000E-06  4.00000E-06   0.00245400   0.00284600   0.00565400   0.00141400    0.0353470  0.000719000
 617.0  3.90000E-06  4.00000E-06   0.00273000   0.00323500   0.00844100   0.00281400    0.0408900  0.000682000
 618.0  8.10000E-06  5.00000E-06   0.00302000   0.00364400   0.00839400   0.00279800    0.0463580  0.000636000
 619.0  8.20000E-06  5.00000E-06   0.00300600   0.00352400   0.00557600   0.00278800    0.0465760  0.000584000
 620.0  4.10000E-06  5.00000E-06   0.00310700   0.00352100   0.00556500   0.00139100    0.0468560  0.000541000
 621.0  4.20000E-06  5.00000E-06   0.00310500   0.00341500   0.00277800   0.00138900    0.0471610  0.000490000
 622.0  4.20000E-06  5.00000E-06   0.00309500   0.00330100   0.00138600   0.00138600    0.0474500  0.000440000
 623.0  4.10000E-06  5.00000E-06   0.00267600   0.00287400   0.00138700   0.00277400    0.0505300  0.000407000
 624.0  4.00000E-06  4.00000E-06   0.00227800   0.00256200   0.00277200   0.00554300    0.0535410  0.000373000
 625.0  7.80000E-06  4.00000E-06   0.00190500   0.00217700   0.00554500   0.00831800    0.0566190  0.000341000
 626.0  7.50000E-06  4.00000E-06   0.00155600   0.00190200   0.00554300    0.0110860    0.0596560  0.000307000
 627.0  1.40000E-05  4.00000E-06   0.00124600   0.00155700   0.00555100    0.0138780    0.0512570  0.000291000
 628.0  1.20000E-05  4.00000E-06  0.000976000   0.00125400   0.00555100    0.0166540    0.0427900  0.000274000
 629.0  1.60000E-05  3.00000E-06  0.000744000  0.000991000   0.00555500    0.0166640    0.0343410  0.000249000
 630.0  1.40000E-05  3.00000E-06  0.000544000  0.000760000   0.00555800    0.0194520    0.0258910  0.000233000
 631.0  2.00000E-05  3.00000E-06  0.000434000  0.000626000   0.00554200    0.0166260    0.0234530  0.000257000
 632.0  2.70000E-05  3.00000E-06  0.000382000  0.000509000   0.00552200    0.0138050    0.0210040  0.000280000
 633.0  2.70000E-05  3.00000E-06  0.000297000  0.000408000   0.00275800   0.00827400    0.0186320  0.000305000
 634.0  3.30000E-05  3.00000E-06  0.000258000  0.000322000   0.00275600   0.00551100    0.0162700  0.000329000
 635.0  5.50000E-05  4.00000E-06  0.000258000  0.000290000   0.00548700   0.00548700    0.0190360  0.000328000
 636.0  7.60000E-05  4.00000E-06  0.000224000  0.000288000   0.00547000   0.00820500    0.0218090  0.000327000
 637.0  0.000107000  4.00000E-06  0.000220000  0.000251000   0.00819100   0.00819100    0.0245940  0.000334000
 638.0  0.000134000  5.00000E-06  0.000184000  0.000244000    0.0108870   0.00816500    0.0273340  0.000333000
 639.0  0.000336000  5.00000E-06  0.000186000  0.000248000    0.0135640    0.0162770    0.0350330  0.000300000
 640.0  0.000574000  6.00000E-06  0.000155000  0.000279000    0.0162250    0.0243380    0.0426870  0.000258000
 641.0  0.000861000  6.00000E-06  0.000153000  0.000275000    0.0188760    0.0296630    0.0502930  0.000225000
 642.0   0.00119000  1.30000E-05  0.000119000  0.000296000    0.0214650    0.0375640    0.0577230  0.000184000
 643.0   0.00121500  1.40000E-05  0.000143000  0.000257000    0.0214160    0.0588940    0.0527880  0.000159000
 644.0   0.00124300  1.40000E-05  0.000136000  0.000217000    0.0213280    0.0773140    0.0478140  0.000127000
 645.0   0.00125000  1.50000E-05  0.000154000  0.000204000    0.0238710    0.0954840    0.0428350  0.000102000
 646.0   0.00125500  1.50000E-05  0.000143000  0.000166000    0.0237610     0.116164    0.0379400  7.10000E-05
 647.0   0.00100400  1.50000E-05  0.000128000  0.000127000    0.0209070     0.277016    0.0307360  6.30000E-05
 648.0  0.000756000  2.90000E-05  9.40000E-05  9.30000E-05    0.0206590     0.309887    0.0235260  5.50000E-05
 649.0  0.000516000  2.80000E-05  8.20000E-05  4.90000E-05    0.0178790     0.326924    0.0163780  4.70000E-05
 650.0  0.000287000  2.80000E-05  5.60000E-05  2.80000E-05    0.0151410     0.411338   0.00926600  3.90000E-05
 651.0  0.000238000  2.60000E-05  4.60000E-05  2.30000E-05    0.0177520     0.512259   0.00829800  4.30000E-05
 652.0  0.000194000  3.50000E-05  3.80000E-05  1.90000E-05    0.0203760     0.690245   0.00678200  4.50000E-05
 653.0  0.000165000  3.10000E-05  3.70000E-05  1.50000E-05    0.0230330     0.985285   0.00518700  4.90000E-05
 654.0  0.000130000  2.80000E-05  2.80000E-05  1.10000E-05    0.0257570      1.50421   0.00317600  5.20000E-05
 655.0  0.000124000  2.50000E-05  2.30000E-05  9.00000E-06    0.0335630      2.44495   0.00280100  6.50000E-05
 656.0  0.000125000  2.30000E-05  1.90000E-05  7.00000E-06    0.0413410      4.09019   0.00243400  8.20000E-05
 657.0  0.000116000  1.30000E-05  1.50000E-05  6.00000E-06    0.0491400      6.82277   0.00199000  8.70000E-05
 658.0  0.000112000  1.20000E-05  1.20000E-05  4.00000E-06    0.0569290      10.6509   0.00142600  0.000104000
 659.0  0.000111000  1.10000E-05  1.00000E-05  4.00000E-06    0.0724810      14.9597   0.00117900  9.90000E-05
 660.0  0.000109000  1.00000E-05  7.00000E-06  5.00000E-06    0.0881120      18.9727  0.000918000  9.30000E-05
 661.0  0.000113000  5.00000E-06  6.00000E-06  4.00000E-06     0.101239      22.0571  0.000693000  9.70000E-05
 662.0  0.000111000  4.00000E-06  5.00000E-06  4.00000E-06     0.117072      23.7422  0.000505000  9.30000E-05
 663.0  0.000104000  4.00000E-06  5.00000E-06  3.00000E-06     0.113464      23.8016  0.000429000  0.000107000
 664.0  9.60000E-05  8.00000E-06  4.00000E-06  3.00000E-06     0.112454      23.2882  0.000341000  0.000117000
 665.0  8.80000E-05  8.00000E-06  3.00000E-06  2.00000E-06     0.108870      22.8044  0.000278000  0.000118000
 666.0  7.90000E-05  8.00000E-06  3.00000E-06  2.00000E-06     0.105206      22.6467  0.000206000  0.000122000
 667.0  7.10000E-05  8.00000E-06  3.00000E-06  2.00000E-06    0.0951030      22.9448  0.000200000  0.000142000
 668.0  6.10000E-05  5.00000E-06  4.00000E-06  3.00000E-06    0.0874330      23.3420  0.000194000  0.000159000
 669.0  5.00000E-05  3.00000E-06  4.00000E-06  3.00000E-06    0.0799360      23.7085  0.000181000  0.000191000
 670.0  3.80000E-05  3.00000E-06  4.00000E-06  4.00000E-06    0.0698450      23.9193  0.000160000  0.000210000
 671.0  3.40000E-05  3.00000E-06  4.00000E-06  4.00000E-06    0.0647320      24.0055  0.000150000  0.000200000
 672.0  3.30000E-05  3.00000E-06  3.00000E-06  4.00000E-06    0.0595560      23.7676  0.000149000  0.000189000
 673.0  3.30000E-05  3.00000E-06  3.00000E-06  4.00000E-06    0.0569160      23.3158  0.000139000  0.000188000
 674.0  2.80000E-05  3.00000E-06  2.00000E-06  4.00000E-06    0.0517540      22.2864  0.000128000  0.000177000
 675.0  3.00000E-05  2.00000E-06  3.00000E-06  4.00000E-06    0.0491800      20.6431  0.000128000  0.000206000
 676.0  3.50000E-05  7.00000E-06  3.00000E-06  5.00000E-06    0.0466240      18.3822  0.000118000  0.000226000
 677.0  3.50000E-05  1.00000E-05  4.00000E-06  5.00000E-06    0.0441120      15.5126  0.000108000  0.000245000
 678.0  3.50000E-05  1.20000E-05  4.00000E-06  4.00000E-06    0.0415980      12.4622  0.000108000  0.000274000
 679.0  5.20000E-05  1.30000E-05  4.00000E-06  5.00000E-06    0.0465430      9.56343  0.000113000  0.000298000
 680.0  6.20000E-05  1.60000E-05  3.00000E-06  5.00000E-06    0.0538810      7.08530  0.000110000  0.000330000
 681.0  7.20000E-05  1.70000E-05  2.00000E-06  5.00000E-06    0.0588940      5.16792  0.000118000  0.000365000
 682.0  8.20000E-05  1.80000E-05  2.00000E-06  5.00000E-06    0.0638420      3.74949  0.000123000  0.000392000
 683.0  0.000125000  8.90000E-05  2.00000E-06  4.00000E-06    0.0786610      2.75559  0.000130000  0.000352000
 684.0  0.000159000  0.000145000  2.00000E-06  3.00000E-06    0.0909600      2.04292  0.000122000  0.000311000
 685.0  0.000184000  0.000192000  2.00000E-06  3.00000E-06     0.105646      1.52081  0.000126000  0.000266000
 686.0  0.000202000  0.000223000  2.00000E-06  2.00000E-06     0.117806      1.13879  0.000133000  0.000206000
 687.0  0.000233000  0.000242000  2.00000E-06  2.00000E-06     0.139677     0.887070  0.000155000  0.000206000
 688.0  0.000253000  0.000252000  1.00000E-06  1.00000E-06     0.158913     0.699219  0.000177000  0.000216000
 689.0  0.000265000  0.000256000  1.00000E-06  1.00000E-06     0.180517     0.541550  0.000220000  0.000198000
 690.0  0.000268000  0.000252000  1.00000E-06  1.00000E-06     0.199730     0.423818  0.000245000  0.000171000
 691.0  0.000248000  0.000185000  1.00000E-06  1.00000E-06     0.191782     0.349578  0.000288000  0.000202000
 692.0  0.000229000  0.000127000  1.00000E-06  1.00000E-06     0.184102     0.288265  0.000330000  0.000198000
 693.0  0.000210000  7.80000E-05  1.00000E-06  1.00000E-06     0.176586     0.215290  0.000409000  0.000186000
 694.0  0.000192000  3.70000E-05  1.00000E-06  1.00000E-06     0.168824     0.205001  0.000456000  0.000207000
 695.0  0.000184000  3.30000E-05  1.00000E-06  1.00000E-06     0.156141     0.175358  0.000509000  0.000185000
 696.0  0.000174000  2.80000E-05  1.00000E-06  1.00000E-06     0.141095     0.136312  0.000562000  0.000204000
 697.0  0.000166000  2.30000E-05  1.00000E-06  1.00000E-06     0.126112     0.118974  0.000614000  0.000223000
 698.0  0.000155000  1.80000E-05  1.00000E-06  1.00000E-06     0.113625     0.106523  0.000666000  0.000182000
 699.0  0.000153000  1.80000E-05  1.00000E-06  1.00000E-06     0.105961    0.0941880  0.000796000  0.000265000
 700.0  0.000150000  1.80000E-05  1.00000E-06  1.00000E-06    0.0984880    0.0844190  0.000939000  0.000289000
 701.0  0.000154000  1.90000E-05  1.00000E-06  1.00000E-06    0.0888250    0.0748000   0.00101700  0.000313000
 702.0  0.000158000  1.90000E-05  1.00000E-06  1.00000E-06    0.0815590    0.0629170   0.00117800  0.000421000
 703.0  0.000146000  1.90000E-05  1.00000E-06  1.00000E-06    0.0767300    0.0534790   0.00130800  0.000654000
 704.0  0.000135000  1.90000E-05  1.00000E-06  1.00000E-06    0.0695880    0.0463920   0.00153800  0.000923000
 705.0  0.000124000  1.80000E-05  1.00000E-06  1.00000E-06    0.0647420    0.0369950   0.00167700   0.00123000
 706.0  0.000114000  1.80000E-05  1.00000E-06  1.00000E-06    0.0576540    0.0276740   0.00181300   0.00157100
 707.0  8.50000E-05  1.40000E-05  1.00000E-06  1.00000E-06    0.0504310    0.0252160   0.00274900   0.00274900
 708.0  6.10000E-05  1.10000E-05  1.00000E-06  1.00000E-06    0.0432210    0.0227480   0.00261100   0.00414700
 709.0  4.20000E-05  9.00000E-06  1.00000E-06  1.00000E-06    0.0361260    0.0180630   0.00356500   0.00577100
 710.0  2.60000E-05  7.00000E-06  1.00000E-06  1.00000E-06    0.0291450    0.0156930   0.00465600   0.00763500
 711.0  2.40000E-05  6.00000E-06  1.00000E-06  1.00000E-06    0.0286700    0.0154380   0.00553500    0.0117330
 712.0  2.10000E-05  6.00000E-06  1.00000E-06  1.00000E-06    0.0259970    0.0173320   0.00666400    0.0164030
 713.0  1.80000E-05  5.00000E-06  1.00000E-06  1.00000E-06    0.0234020    0.0170190   0.00931700    0.0221270
 714.0  1.50000E-05  5.00000E-06  1.00000E-06  1.00000E-06    0.0229990    0.0167270   0.00978900    0.0283890
 715.0  1.30000E-05  5.00000E-06  1.00000E-06  1.00000E-06    0.0181200    0.0161070    0.0131180    0.0321980
 716.0  1.20000E-05  4.00000E-06  1.00000E-06  1.00000E-06    0.0135770    0.0135770    0.0150240    0.0347430
 717.0  1.00000E-05  4.00000E-06  1.00000E-06  1.00000E-06   0.00933200    0.0130650    0.0227420    0.0368200
 718.0  9.30000E-06  4.00000E-06  1.00000E-06  1.00000E-06   0.00538000    0.0107600    0.0294660    0.0374460
 719.0  9.00000E-06  5.00000E-06  2.00000E-06  1.00000E-06   0.00504300    0.0100850    0.0360420    0.0403680
 720.0  8.50000E-06  6.00000E-06  2.00000E-06  1.00000E-06   0.00629100    0.0110090    0.0414920    0.0423220
 721.0  8.40000E-06  7.00000E-06  2.00000E-06  2.00000E-06   0.00584900    0.0102360    0.0525020    0.0421890
 722.0  8.30000E-06  9.00000E-06  2.00000E-06  2.00000E-06   0.00541100   0.00946900    0.0658970    0.0418400
 723.0  8.40000E-06  1.10000E-05  3.00000E-06  2.00000E-06   0.00495600   0.00743400    0.0895430    0.0510050
 724.0  8.60000E-06  1.40000E-05  3.00000E-06  2.00000E-06   0.00451200   0.00676900     0.108867    0.0611610
 725.0  8.40000E-06  1.70000E-05  4.00000E-06  3.00000E-06   0.00406600   0.00508200     0.127211    0.0708190
 726.0  8.40000E-06  2.00000E-05  4.00000E-06  3.00000E-06   0.00361500   0.00361500     0.157944    0.0824660
 727.0  8.00000E-06  1.90000E-05  6.00000E-06  4.00000E-06   0.00322500   0.00322500     0.199357     0.151392
 728.0  7.80000E-06  1.90000E-05  9.00000E-06  5.00000E-06   0.00284500   0.00213400     0.234218     0.227801
 729.0  7.20000E-06  1.80000E-05  1.10000E-05  7.00000E-06   0.00307600   0.00123100     0.300327     0.312272
 730.0  6.90000E-06  1.70000E-05  1.40000E-05  8.00000E-06   0.00259800   0.00103900     0.388921     0.407010
 731.0  7.20000E-06  1.50000E-05  2.00000E-05  1.10000E-05   0.00229800   0.00137900     0.493168     0.474345
 732.0  7.90000E-06  1.40000E-05  2.60000E-05  1.30000E-05   0.00200200   0.00160100     0.628347     0.548091
 733.0  8.40000E-06  1.20000E-05  3.20000E-05  1.60000E-05   0.00170300   0.00136300     0.800451     0.623701
 734.0  8.50000E-06  9.00000E-06  3.90000E-05  1.80000E-05   0.00140700   0.00140700      1.03519     0.704180
 735.0  9.20000E-06  8.00000E-06  4.40000E-05  2.20000E-05   0.00106200   0.00106200      1.30649     0.582077
 736.0  1.00000E-05  8.00000E-06  4.80000E-05  2.40000E-05  0.000998000  0.000998000      1.65995     0.458361
 737.0  1.00000E-05  7.00000E-06  5.00000E-05  2.60000E-05  0.000700000  0.000700000      2.13515     0.332470
 738.0  1.10000E-05  6.00000E-06  5.00000E-05  2.70000E-05  0.000434000  0.000434000      2.73248     0.204176
 739.0  1.00000E-05  6.00000E-06  5.40000E-05  3.30000E-05  0.000641000  0.000641000      3.44657     0.171676
 740.0  1.00000E-05  6.00000E-06  5.90000E-05  4.00000E-05  0.000843000  0.000843000      4.33571     0.141405
 741.0  1.10000E-05  6.00000E-06  6.30000E-05  4.60000E-05   0.00103800   0.00103800      5.48513     0.108875
 742.0  1.10000E-05  6.00000E-06  6.80000E-05  5.40000E-05   0.00122600   0.00122600      6.83854    0.0762500
 743.0  1.30000E-05  7.00000E-06  6.30000E-05  5.30000E-05   0.00121400   0.00121400      8.44912    0.0721590
 744.0  1.40000E-05  7.00000E-06  5.80000E-05  5.30000E-05   0.00100000   0.00120100      10.1891    0.0700880
 745.0  1.40000E-05  7.00000E-06  5.30000E-05  5.20000E-05  0.000990000   0.00118800      12.2040    0.0659080
 746.0  1.60000E-05  8.00000E-06  4.80000E-05  5.20000E-05  0.000784000   0.00117600      14.1478    0.0616940
 747.0  2.00000E-05  8.00000E-06  4.50000E-05  5.10000E-05  0.000770000   0.00134800      15.8956    0.0662870
 748.0  2.10000E-05  8.00000E-06  4.30000E-05  4.90000E-05  0.000756000   0.00132200      17.1774    0.0708070
 749.0  2.50000E-05  9.00000E-06  3.90000E-05  4.60000E-05  0.000741000   0.00148200      18.7840    0.0731500
 750.0  2.80000E-05  9.00000E-06  3.50000E-05  4.40000E-05  0.000726000   0.00145200      19.7998    0.0776550
 751.0  2.50000E-05  8.00000E-06  3.50000E-05  4.30000E-05  0.000532000   0.00124100      20.1057     0.111056
 752.0  2.60000E-05  9.00000E-06  3.50000E-05  4.30000E-05  0.000346000   0.00121000      20.8756     0.144429
 753.0  2.30000E-05  7.00000E-06  3.40000E-05  4.30000E-05  0.000337000   0.00101200      21.6881     0.175892
 754.0  2.30000E-05  8.00000E-06  3.40000E-05  4.30000E-05  0.000165000  0.000824000      21.8155     0.209851
 755.0  2.10000E-05  7.00000E-06  3.50000E-05  4.50000E-05  0.000159000  0.000638000      22.1436     0.257561
 756.0  1.50000E-05  5.00000E-06  3.60000E-05  4.70000E-05  0.000309000  0.000617000      21.5917     0.307811
 757.0  1.30000E-05  4.00000E-06  3.70000E-05  4.90000E-05  0.000299000  0.000448000      21.7448     0.359063
 758.0  1.00000E-05  4.00000E-06  3.80000E-05  5.10000E-05  0.000288000  0.000288000      21.9054     0.408049
 759.0  7.00000E-06  3.00000E-06  3.80000E-05  5.30000E-05  0.000138000  0.000413000      21.8611     0.371221
 760.0  6.10000E-06  2.00000E-06  3.80000E-05  5.50000E-05  6.60000E-05  0.000525000      21.9240     0.331627
 761.0  5.20000E-06  2.00000E-06  3.90000E-05  5.70000E-05  6.20000E-05  0.000625000      21.8817     0.294517
 762.0  4.20000E-06  2.00000E-06  3.90000E-05  5.80000E-05  5.90000E-05  0.000711000      21.8411     0.256438
 763.0  3.90000E-06  2.00000E-06  3.80000E-05  5.80000E-05  5.50000E-05  0.000664000      21.8241     0.206611
 764.0  3.60000E-06  2.00000E-06  3.70000E-05  5.90000E-05  5.10000E-05  0.000515000      21.6790     0.158598
 765.0  3.30000E-06  2.00000E-06  3.60000E-05  6.00000E-05  4.70000E-05  0.000475000      21.5877     0.107786
 766.0  2.00000E-06  1.00000E-06  3.50000E-05  6.00000E-05  4.40000E-05  0.000349000      21.5747    0.0564600
 767.0  1.90000E-06  1.00000E-06  3.30000E-05  6.00000E-05  4.00000E-05  0.000477000      21.4017    0.0496010
 768.0  1.90000E-06  1.00000E-06  3.10000E-05  6.00000E-05  0.000143000  0.000572000      21.5822    0.0426570
 769.0  1.80000E-06  1.00000E-06  2.80000E-05  6.00000E-05  0.000191000  0.000637000      21.5381    0.0356350
 770.0  1.80000E-06  1.00000E-06  2.60000E-05  6.00000E-05  0.000223000  0.000668000      21.9128    0.0286290
 771.0  1.90000E-06  1.00000E-06  2.50000E-05  6.10000E-05  0.000201000  0.000953000      22.2679    0.0263190
 772.0  2.00000E-06  2.00000E-06  2.30000E-05  6.30000E-05  0.000135000   0.00116900      22.3683    0.0216230
 773.0  2.00000E-06  2.00000E-06  2.10000E-05  6.40000E-05  7.90000E-05   0.00130100      22.6921    0.0192880
 774.0  2.10000E-06  2.00000E-06  2.00000E-05  6.50000E-05  6.80000E-05   0.00136700      23.2774    0.0145440
 775.0  2.50000E-06  2.00000E-06  1.90000E-05  6.90000E-05  6.50000E-05   0.00180700      23.3358    0.0170070
 776.0  1.50000E-06  1.00000E-06  1.80000E-05  7.30000E-05  9.20000E-05   0.00223400      22.8484    0.0194810
 777.0  1.70000E-06  1.00000E-06  1.70000E-05  7.60000E-05  8.60000E-05   0.00254900      22.5194    0.0219230
 778.0  1.80000E-06  1.00000E-06  1.60000E-05  7.90000E-05  8.10000E-05   0.00285700      22.3288    0.0244030
 779.0  2.50000E-06  2.00000E-06  1.50000E-05  8.30000E-05  5.40000E-05   0.00288400      20.7227    0.0219700
 780.0  3.10000E-06  2.00000E-06  1.40000E-05  8.60000E-05  5.40000E-05   0.00291400      19.5875    0.0195510
 781.0  3.50000E-06  3.00000E-06  1.30000E-05  8.80000E-05  2.70000E-05   0.00294300      18.3714    0.0171260
 782.0  3.90000E-06  3.00000E-06  1.20000E-05  8.80000E-05  1.40000E-05   0.00297400      16.8420    0.0147010
 783.0  4.40000E-06  3.00000E-06  1.40000E-05  0.000106000  5.60000E-05   0.00273000      14.8804    0.0172000
 784.0  5.00000E-06  4.00000E-06  1.50000E-05  0.000125000  8.50000E-05   0.00241400      13.3560    0.0172240
 785.0  5.60000E-06  4.00000E-06  1.70000E-05  0.000144000  0.000146000   0.00213100      11.7004    0.0197180
 786.0  6.30000E-06  5.00000E-06  1.90000E-05  0.000167000  0.000178000   0.00181300      9.83659    0.0197320
 787.0  5.50000E-06  4.00000E-06  2.10000E-05  0.000193000  0.000179000   0.00166800      8.36654    0.0173070
 788.0  4.60000E-06  4.00000E-06  2.30000E-05  0.000217000  0.000149000   0.00151800      7.02996    0.0172970
 789.0  3.80000E-06  3.00000E-06  2.60000E-05  0.000246000  0.000149000   0.00134000      5.86641    0.0148390
 790.0  2.80000E-06  3.00000E-06  2.90000E-05  0.000274000  0.000119000   0.00119200      4.86450    0.0123780
 791.0  2.50000E-06  2.00000E-06  3.40000E-05  0.000305000  0.000149000   0.00113400      4.01887    0.0148760
 792.0  2.00000E-06  2.00000E-06  4.00000E-05  0.000342000  0.000149000   0.00107600      3.33903    0.0173780
 793.0  1.60000E-06  2.00000E-06  4.50000E-05  0.000381000  0.000179000  0.000986000      2.77651    0.0198680
 794.0  1.10000E-06  1.00000E-06  5.20000E-05  0.000421000  0.000180000  0.000929000      2.29713    0.0223990
 795.0  1.00000E-06  1.00000E-06  6.20000E-05  0.000446000  0.000156000  0.000968000      1.92791    0.0223890
 796.0  9.00000E-07  1.00000E-06  7.40000E-05  0.000472000  0.000162000  0.000975000      1.64341    0.0198900
 797.0  8.00000E-07  1.00000E-06  8.60000E-05  0.000496000  0.000135000   0.00101200      1.38589    0.0198690
 798.0  6.00000E-07  1.00000E-06  1.00000E-04  0.000519000  0.000105000   0.00101500      1.21120    0.0198560
 799.0  6.00000E-07  1.00000E-06  0.000106000  0.000482000  0.000120000   0.00119900      1.05306    0.0223000
 800.0  6.00000E-07  1.00000E-06  0.000110000  0.000443000  9.00000E-05   0.00134900     0.898124    0.0222680
 801.0  5.00000E-07  1.00000E-06  0.000114000  0.000404000  1.00000E-04   0.00154700     0.797069    0.0246770
 802.0  5.00000E-07  1.00000E-06  0.000116000  0.000363000  5.50000E-05   0.00169900     0.694024    0.0270720
 803.0  5.00000E-07  1.00000E-06  0.000132000  0.000358000  3.10000E-05   0.00207500     0.605610    0.0269700
 804.0  5.00000E-07  1.00000E-06  0.000151000  0.000354000  3.40000E-05   0.00242000     0.510486    0.0293100
 805.0  5.00000E-07  1.00000E-06  0.000169000  0.000346000  3.70000E-05   0.00279200     0.477191    0.0316500
 806.0  5.00000E-07  1.00000E-06  0.000189000  0.000335000  4.00000E-05   0.00327300     0.413059    0.0315870
 807.0  5.00000E-07  1.00000E-06  0.000207000  0.000318000  4.40000E-05   0.00367100     0.390609    0.0727840
 808.0  5.00000E-07  1.00000E-06  0.000224000  0.000303000  9.50000E-05   0.00408400     0.372990    0.0605500
 809.0  5.00000E-07  1.00000E-06  0.000242000  0.000286000  0.000205000   0.00450600     0.354911    0.0507020
 810.0  5.00000E-07  1.00000E-06  0.000260000  0.000269000  0.000330000   0.00494600     0.337112    0.0529750
 811.0  5.00000E-07  1.00000E-06  0.000270000  0.000243000  0.000228000   0.00468200     0.312478    0.0552850
 812.0  5.00000E-07  1.00000E-06  0.000279000  0.000222000  5.90000E-05   0.00451200     0.287971    0.0623940
 813.0  5.00000E-07  1.00000E-06  0.000282000  0.000198000  6.20000E-05   0.00418800     0.263815    0.0647540
 814.0  6.00000E-07  1.00000E-06  0.000282000  0.000177000  6.40000E-05   0.00384300     0.240101     0.100842
 815.0  6.00000E-07  2.00000E-06  0.000292000  0.000161000  6.40000E-05   0.00344900     0.226516    0.0939800
 816.0  7.00000E-07  2.00000E-06  0.000297000  0.000145000  0.000255000   0.00305800     0.212512    0.0990110
 817.0  8.00000E-07  2.00000E-06  0.000287000  0.000126000  0.000636000   0.00267000     0.196029    0.0968040
 818.0  9.00000E-07  2.00000E-06  0.000267000  0.000107000   0.00101000   0.00227300     0.181499    0.0895400
 819.0  1.10000E-06  3.00000E-06  0.000283000  0.000103000  0.000973000   0.00206900     0.174352     0.101705
 820.0  1.20000E-06  3.00000E-06  0.000296000  9.90000E-05  0.000940000   0.00176300     0.167489     0.101950
 821.0  1.30000E-06  3.00000E-06  0.000299000  9.20000E-05  0.000907000   0.00158700     0.158145     0.124083
 822.0  1.40000E-06  4.00000E-06  0.000305000  8.80000E-05  0.000872000   0.00141700     0.151309     0.126904
 823.0  1.60000E-06  4.00000E-06  0.000321000  9.00000E-05  0.000713000   0.00122200     0.142683     0.159903
 824.0  1.80000E-06  5.00000E-06  0.000334000  9.20000E-05  0.000472000  0.000945000     0.136222     0.163466
 825.0  1.90000E-06  5.00000E-06  0.000346000  9.30000E-05  0.000348000  0.000783000     0.126971     0.216597
 826.0  2.10000E-06  6.00000E-06  0.000357000  9.40000E-05  0.000159000  0.000557000     0.117785     0.213015
 827.0  1.90000E-06  5.00000E-06  0.000340000  9.10000E-05  0.000145000  0.000582000     0.113412     0.269669
 828.0  1.80000E-06  5.00000E-06  0.000329000  9.10000E-05  0.000131000  0.000590000     0.108886     0.245628
 829.0  1.70000E-06  5.00000E-06  0.000308000  8.70000E-05  0.000118000  0.000588000     0.104427     0.326016
 830.0  1.60000E-06  4.00000E-06  0.000283000  8.10000E-05  0.000103000  0.000567000    0.0997610     0.393930
 831.0  1.40000E-06  4.00000E-06  0.000308000  9.50000E-05  2.30000E-05  0.000604000    0.0974620     0.461660
 832.0  1.30000E-06  3.00000E-06  0.000326000  0.000107000  2.10000E-05  0.000620000    0.0952200     0.532716
 833.0  1.10000E-06  3.00000E-06  0.000354000  0.000123000  1.80000E-05  0.000579000    0.0902090     0.698479
 834.0  9.00000E-07  2.00000E-06  0.000372000  0.000137000  1.60000E-05  0.000559000    0.0879710     0.827962
 835.0  8.00000E-07  2.00000E-06  0.000360000  0.000146000  1.50000E-05  0.000520000    0.0855070      1.04422
 836.0  7.00000E-07  2.00000E-06  0.000357000  0.000158000  1.50000E-05  0.000478000    0.0804540      1.31321
 837.0  6.00000E-07  1.00000E-06  0.000341000  0.000162000  1.50000E-05  0.000470000    0.0778310      1.65001
 838.0  5.00000E-07  1.00000E-06  0.000327000  0.000166000  1.40000E-05  0.000429000    0.0727730      2.06624
 839.0  5.00000E-07  1.00000E-06  0.000381000  0.000219000  1.60000E-05  0.000538000    0.0699220      2.63633
 840.0  5.00000E-07  1.00000E-06  0.000428000  0.000273000  1.80000E-05  0.000665000    0.0673140      3.41489
 841.0  4.00000E-07  1.00000E-06  0.000492000  0.000343000  1.90000E-05  0.000802000    0.0622270      4.42328
 842.0  4.00000E-07  1.00000E-06  0.000549000  0.000414000  4.20000E-05  0.000958000    0.0596880      5.62367
 843.0  4.00000E-07  1.00000E-06  0.000600000  0.000516000  9.10000E-05   0.00118300    0.0594960      7.17569
 844.0  4.00000E-07  1.00000E-06  0.000654000  0.000627000  9.90000E-05   0.00148400    0.0594340      9.02879
 845.0  4.00000E-07  1.00000E-06  0.000710000  0.000745000  0.000160000   0.00176100    0.0593040      11.0847
 846.0  4.00000E-07  1.00000E-06  0.000769000  0.000870000  0.000229000   0.00206000    0.0591170      13.3116
 847.0  4.00000E-07  1.00000E-06  0.000811000   0.00102200  0.000239000   0.00215300    0.0564770      15.5928
 848.0  4.00000E-07  1.00000E-06  0.000876000   0.00120300  0.000250000   0.00225200    0.0539960      17.7363
 849.0  5.00000E-07  1.00000E-06  0.000941000   0.00138900  0.000196000   0.00228500    0.0488990      19.7422
 850.0  5.00000E-07  1.00000E-06  0.000982000   0.00153800  0.000204000   0.00237800    0.0463290      21.3575
 851.0  5.00000E-07  1.00000E-06   0.00110400   0.00178800  0.000206000   0.00220000    0.0463300      22.5548
 852.0  6.00000E-07  1.00000E-06   0.00120200   0.00200200  0.000278000   0.00194600    0.0438650      23.5066
 853.0  7.00000E-07  1.00000E-06   0.00130400   0.00222500  0.000281000   0.00175500    0.0439650      24.1601
 854.0  7.00000E-07  2.00000E-06   0.00143800   0.00250300  0.000284000   0.00156400    0.0440030      24.6156
 855.0  9.00000E-07  2.00000E-06   0.00151900   0.00250500  0.000140000   0.00132900    0.0440940      24.8354
 856.0  1.10000E-06  2.00000E-06   0.00154900   0.00243700  6.90000E-05   0.00110100    0.0441630      24.8793
 857.0  1.20000E-06  3.00000E-06   0.00161000   0.00242700  3.40000E-05  0.000879000    0.0468400      24.9735
 858.0  1.40000E-06  3.00000E-06   0.00165800   0.00240700  3.30000E-05  0.000663000    0.0468040      25.1521
 859.0  1.80000E-06  3.00000E-06   0.00178600   0.00236000  3.20000E-05  0.000633000    0.0467530      25.1402
 860.0  2.20000E-06  4.00000E-06   0.00191300   0.00231400  3.00000E-05  0.000658000    0.0440150      25.0808
 861.0  2.60000E-06  4.00000E-06   0.00198600   0.00221000  5.70000E-05  0.000682000    0.0439600      24.9485
 862.0  3.00000E-06  5.00000E-06   0.00210500   0.00216400  0.000107000  0.000641000    0.0438880      24.7190
 863.0  3.00000E-06  5.00000E-06   0.00211700   0.00202400  0.000102000  0.000510000    0.0443200      24.7152
 864.0  3.00000E-06  4.00000E-06   0.00211000   0.00188000  4.80000E-05  0.000387000    0.0420070      24.5082
 865.0  3.00000E-06  4.00000E-06   0.00210600   0.00175000  2.30000E-05  0.000275000    0.0423940      24.1802
 866.0  3.00000E-06  4.00000E-06   0.00208600   0.00162000  2.20000E-05  0.000173000    0.0427130      23.7669
 867.0  2.50000E-06  3.00000E-06   0.00214900   0.00163500  2.00000E-06  1.30000E-05    0.0433710      23.5339
 868.0  2.10000E-06  2.00000E-06   0.00214200   0.00159500  1.00000E-06  5.00000E-06    0.0431890      22.7743
 869.0  1.70000E-06  2.00000E-06   0.00220600   0.00161000  3.00000E-06  7.00000E-06    0.0458180      22.2029
 870.0  1.30000E-06  1.00000E-06   0.00220100   0.00157300  3.00000E-06  7.00000E-06    0.0457090      21.6743
 871.0  1.00000E-06  1.00000E-06   0.00101700  0.000747000  4.00000E-06  5.00000E-06    0.0456990      21.2744
 872.0  8.00000E-07  1.00000E-06  5.40000E-05  4.00000E-05  5.00000E-06  5.00000E-06    0.0456650      21.0460
 873.0  6.00000E-07  1.00000E-06  2.40000E-05  1.80000E-05  5.00000E-06  5.00000E-06    0.0457030      21.0019
 874.0  4.00000E-07  1.00000E-06  2.10000E-05  1.60000E-05  7.00000E-06  4.00000E-06    0.0456770      21.1512
 875.0  4.00000E-07  1.00000E-06  2.10000E-05  1.70000E-05  9.00000E-06  1.10000E-05    0.0457360      21.5768
 876.0  3.00000E-07  1.00000E-06  2.20000E-05  1.90000E-05  1.60000E-05  2.90000E-05    0.0430660      22.1492
 877.0  3.00000E-07  1.00000E-06  2.20000E-05  2.00000E-05  2.50000E-05  5.00000E-05    0.0431320      22.9221
 878.0  3.00000E-07  1.00000E-06  2.20000E-05  2.20000E-05  2.50000E-05  8.20000E-05    0.0431890      23.6917
 879.0  3.00000E-07  1.00000E-06  2.20000E-05  2.30000E-05  4.10000E-05  0.000124000    0.0432180      24.2885
 880.0  3.00000E-07  1.00000E-06  2.20000E-05  2.40000E-05  6.20000E-05  0.000172000    0.0432820      24.7004
 881.0  3.00000E-07  1.00000E-06  2.20000E-05  2.50000E-05  8.70000E-05  0.000217000    0.0432240      24.4756
 882.0  2.00000E-07  1.00000E-06  2.20000E-05  2.60000E-05  0.000115000  0.000279000    0.0432300      23.7465
 883.0  3.00000E-07  1.00000E-06  2.40000E-05  2.90000E-05  0.000115000  0.000420000    0.0431690      22.3535
 884.0  3.00000E-07  1.00000E-06  2.50000E-05  3.30000E-05  0.000131000  0.000589000    0.0458200      20.4279
 885.0  3.00000E-07  1.00000E-06  2.70000E-05  3.60000E-05  0.000122000  0.000783000    0.0456970      18.0397
 886.0  3.00000E-07  1.00000E-06  2.90000E-05  4.00000E-05  0.000109000   0.00100500    0.0483570      15.3776
 887.0  3.00000E-07  1.00000E-06  3.00000E-05  4.10000E-05  0.000114000   0.00122400    0.0482640      12.6666
 888.0  3.00000E-07  1.00000E-06  3.10000E-05  4.30000E-05  8.90000E-05   0.00142900    0.0481660      10.1123
 889.0  3.00000E-07  1.00000E-06  3.20000E-05  4.50000E-05  6.20000E-05   0.00168200    0.0481690      7.93455
 890.0  3.00000E-07  1.00000E-06  3.30000E-05  4.60000E-05  6.50000E-05   0.00194900    0.0481440      6.14637
 891.0  3.00000E-07  1.00000E-06  3.60000E-05  4.80000E-05  6.70000E-05   0.00193000    0.0481410      4.74454
 892.0  3.00000E-07  1.00000E-06  3.80000E-05  5.00000E-05  0.000101000   0.00185700    0.0480940      3.66852
 893.0  3.00000E-07  1.00000E-06  4.00000E-05  5.20000E-05  0.000104000   0.00183200    0.0480870      2.87722
 894.0  4.00000E-07  1.00000E-06  4.30000E-05  5.40000E-05  0.000105000   0.00178500    0.0479740      2.26280
 895.0  4.00000E-07  1.00000E-06  4.40000E-05  5.30000E-05  0.000103000   0.00158500    0.0451540      1.80617
 896.0  4.00000E-07  1.00000E-06  4.60000E-05  5.30000E-05  0.000101000   0.00134400    0.0449710      1.46024
 897.0  4.00000E-07  1.00000E-06  0.000287000  0.000318000  9.90000E-05   0.00115600    0.0421450      1.20113
 898.0  4.00000E-07  1.00000E-06  0.000795000  0.000842000  9.70000E-05  0.000966000    0.0419970     0.986922
 899.0  5.00000E-07  1.00000E-06  0.000208000  0.000209000  6.30000E-05  0.000856000    0.0419880     0.837130
 900.0  5.00000E-07  1.00000E-06  5.50000E-05  5.20000E-05  6.20000E-05  0.000742000    0.0419350     0.718129
 901.0  6.00000E-07  1.00000E-06  5.70000E-05  5.20000E-05  3.00000E-05  0.000638000    0.0445430     0.626218
 902.0  6.00000E-07  1.00000E-06  5.90000E-05  5.10000E-05  1.50000E-05  0.000534000    0.0445770     0.529676
 903.0  7.00000E-07  1.00000E-06  6.00000E-05  5.00000E-05  1.40000E-05  0.000496000    0.0448480     0.472218
 904.0  7.00000E-07  1.00000E-06  6.20000E-05  5.00000E-05  1.30000E-05  0.000462000    0.0450880     0.416402
 905.0  8.00000E-07  1.00000E-06  6.20000E-05  4.90000E-05  1.20000E-05  0.000424000    0.0452870     0.372950
 906.0  9.00000E-07  1.00000E-06  6.40000E-05  4.80000E-05  1.10000E-05  0.000389000    0.0454660     0.345009
 907.0  1.00000E-06  1.00000E-06  6.30000E-05  4.70000E-05  1.10000E-05  0.000433000    0.0454690     0.304911
 908.0  1.10000E-06  1.00000E-06  6.30000E-05  4.50000E-05  2.20000E-05  0.000476000    0.0455070     0.259659
 909.0  1.20000E-06  1.00000E-06  6.20000E-05  4.40000E-05  4.30000E-05  0.000499000    0.0455870     0.217208
 910.0  1.30000E-06  1.00000E-06  6.20000E-05  4.30000E-05  4.30000E-05  0.000543000    0.0456750     0.171952
 911.0  1.40000E-06  1.00000E-06  6.00000E-05  4.20000E-05  4.20000E-05  0.000609000    0.0458270     0.159047
 912.0  1.50000E-06  1.00000E-06  5.80000E-05  4.10000E-05  4.10000E-05  0.000676000    0.0486640     0.148695
 913.0  1.60000E-06  1.00000E-06  5.70000E-05  4.00000E-05  3.90000E-05  0.000731000    0.0488510     0.135697
 914.0  1.70000E-06  1.00000E-06  5.50000E-05  3.90000E-05  3.80000E-05  0.000789000    0.0517170     0.122487
 915.0  1.60000E-06  1.00000E-06  5.20000E-05  3.80000E-05  4.00000E-05  0.000933000    0.0518930     0.117441
 916.0  1.60000E-06  1.00000E-06  4.90000E-05  3.70000E-05  6.20000E-05   0.00110000    0.0521000     0.109684
 917.0  1.50000E-06  1.00000E-06  4.70000E-05  3.60000E-05  6.40000E-05   0.00126100    0.0523040     0.104608
 918.0  1.50000E-06  1.00000E-06  4.40000E-05  3.40000E-05  6.70000E-05   0.00144600    0.0524080    0.0993000
 919.0  1.30000E-06  1.00000E-06  4.10000E-05  3.30000E-05  9.70000E-05   0.00160200    0.0525390    0.0940170
 920.0  1.20000E-06  1.00000E-06  3.80000E-05  3.20000E-05  0.000106000   0.00178100    0.0554230    0.0886770
 921.0  1.00000E-06  1.00000E-06  3.50000E-05  3.00000E-05  0.000114000   0.00194600    0.0583040    0.0805150
 922.0  9.00000E-07  1.00000E-06  3.30000E-05  2.90000E-05  0.000155000   0.00213700    0.0584860    0.0751970
 923.0  8.00000E-07  1.00000E-06  3.00000E-05  2.70000E-05  0.000191000   0.00194600    0.0614360    0.0726060
 924.0  7.00000E-07  1.00000E-06  2.70000E-05  2.60000E-05  0.000261000   0.00172600    0.0644500    0.0728560
 925.0  6.00000E-07  1.00000E-06  2.50000E-05  2.40000E-05  0.000302000   0.00150800    0.0674460    0.0702560
 926.0  5.00000E-07  1.00000E-06  2.20000E-05  2.20000E-05  0.000342000   0.00126500    0.0704990    0.0676790
 927.0  5.00000E-07  1.00000E-06  2.10000E-05  2.10000E-05  0.000527000   0.00112300    0.0790450    0.0649300
 928.0  4.00000E-07  1.00000E-06  2.00000E-05  2.00000E-05  0.000751000  0.000965000    0.0847850    0.0621760
 929.0  4.00000E-07  1.00000E-06  1.80000E-05  2.00000E-05  0.000953000  0.000843000    0.0933900    0.0594300
 930.0  4.00000E-07  1.00000E-06  1.70000E-05  1.90000E-05   0.00115700  0.000672000    0.0991490    0.0566560
 931.0  3.00000E-07  1.00000E-06  1.70000E-05  1.80000E-05   0.00179200  0.000597000     0.104976    0.0539070
 932.0  3.00000E-07  1.00000E-06  1.60000E-05  1.80000E-05   0.00242800  0.000560000     0.110819    0.0511470
 933.0  3.00000E-07  1.00000E-06  1.50000E-05  1.70000E-05   0.00306500  0.000486000     0.119557    0.0483920
 934.0  3.00000E-07  1.00000E-06  1.50000E-05  1.60000E-05   0.00370300  0.000411000     0.125473    0.0456260
 935.0  3.00000E-07  1.00000E-06  1.60000E-05  1.70000E-05   0.00420100  0.000389000     0.128291    0.0456150
 936.0  3.00000E-07  1.00000E-06  1.70000E-05  1.80000E-05   0.00472900  0.000364000     0.131203    0.0427840
 937.0  3.00000E-07  1.00000E-06  3.50000E-05  3.80000E-05   0.00523800  0.000335000     0.136833    0.0427600
 938.0  3.00000E-07  1.00000E-06  7.20000E-05  7.90000E-05   0.00581500  0.000304000     0.139623    0.0427420
 939.0  4.00000E-07  1.00000E-06  0.000351000  0.000374000   0.00511800  0.000347000     0.136678    0.0427120
 940.0  4.00000E-07  1.00000E-06  0.000675000  0.000705000   0.00437500  0.000347000     0.133616    0.0426430
 941.0  4.00000E-07  1.00000E-06   0.00104000   0.00106200   0.00363300  0.000346000     0.130568    0.0454150
 942.0  5.00000E-07  1.00000E-06   0.00145600   0.00145300   0.00293800  0.000389000     0.127546    0.0453500
 943.0  5.00000E-07  1.00000E-06   0.00196000   0.00190900   0.00242700  0.000341000     0.124581    0.0453020
 944.0  6.00000E-07  1.00000E-06   0.00245800   0.00233700   0.00191400  0.000333000     0.118682    0.0423860
 945.0  6.00000E-07  1.00000E-06   0.00308400   0.00286000   0.00139300  0.000328000     0.115706    0.0423310
 946.0  7.00000E-07  1.00000E-06   0.00369100   0.00333800  0.000920000  0.000280000     0.112617    0.0422310
 947.0  7.00000E-07  1.00000E-06   0.00366000   0.00324100  0.000838000  0.000279000     0.106669    0.0421060
 948.0  8.00000E-07  1.00000E-06   0.00351000   0.00304300  0.000756000  0.000318000     0.103618    0.0420070
 949.0  9.00000E-07  1.00000E-06   0.00332800   0.00282500  0.000635000  0.000317000    0.0977880    0.0419090
 950.0  1.00000E-06  1.00000E-06   0.00317900   0.00264000  0.000554000  0.000317000    0.0920250    0.0418290
 951.0  1.20000E-06  1.00000E-06   0.00274400   0.00225100  0.000460000  0.000283000    0.0864780    0.0418440
 952.0  1.30000E-06  1.00000E-06   0.00223900   0.00181400  0.000373000  0.000249000    0.0808770    0.0390440
 953.0  1.50000E-06  1.00000E-06   0.00166600   0.00133300  0.000268000  0.000241000    0.0752210    0.0390040
 954.0  1.60000E-06  1.00000E-06   0.00102800  0.000812000  0.000203000  0.000203000    0.0696000    0.0361920
 955.0  1.80000E-06  1.00000E-06  0.000740000  0.000585000  0.000253000  0.000278000    0.0666880    0.0389010
 956.0  2.00000E-06  1.00000E-06  0.000434000  0.000343000  0.000309000  0.000365000    0.0637090    0.0387790
 957.0  2.30000E-06  1.00000E-06  0.000112000  8.80000E-05  0.000339000  0.000431000    0.0580660    0.0414760
 958.0  2.50000E-06  1.00000E-06  5.80000E-05  4.50000E-05  0.000403000  0.000537000    0.0552170    0.0414130
 959.0  2.70000E-06  1.00000E-06  5.80000E-05  4.60000E-05  0.000412000  0.000618000    0.0524190    0.0413840
 960.0  3.00000E-06  1.00000E-06  5.80000E-05  4.70000E-05  0.000383000  0.000732000    0.0495880    0.0413240
 961.0  3.20000E-06  1.00000E-06  5.80000E-05  4.80000E-05  0.000356000  0.000818000    0.0467120    0.0412160
 962.0  3.50000E-06  1.00000E-06  5.80000E-05  4.80000E-05  0.000360000  0.000899000    0.0438350    0.0410950
 963.0  3.60000E-06  1.00000E-06  0.000115000  9.70000E-05  0.000401000   0.00102000    0.0409590    0.0409590
 964.0  3.80000E-06  1.00000E-06  0.000450000  0.000392000  0.000483000   0.00115300    0.0408650    0.0408650
 965.0  4.00000E-06  2.00000E-06  0.000665000  0.000593000  0.000532000   0.00129100    0.0407990    0.0380790
 966.0  4.20000E-06  2.00000E-06  0.000984000  0.000898000  0.000577000   0.00142300    0.0380060    0.0380060
 967.0  4.30000E-06  2.00000E-06  0.000642000  0.000603000  0.000707000   0.00149300    0.0379230    0.0406320
 968.0  4.30000E-06  2.00000E-06  0.000419000  0.000405000  0.000836000   0.00151300    0.0378450    0.0405480
 969.0  4.40000E-06  2.00000E-06  0.000103000  0.000102000  0.000933000   0.00154100    0.0350020    0.0430800
 970.0  4.50000E-06  2.00000E-06  5.00000E-05  5.10000E-05   0.00106600   0.00159900    0.0348490    0.0455710
 971.0  4.40000E-06  3.00000E-06  4.80000E-05  5.10000E-05   0.00124200   0.00158500    0.0349410    0.0456920
 972.0  4.40000E-06  3.00000E-06  4.70000E-05  5.00000E-05   0.00143600   0.00152600    0.0349970    0.0430730
 973.0  4.40000E-06  3.00000E-06  8.90000E-05  1.00000E-04   0.00163300   0.00149300    0.0350350    0.0431200
 974.0  4.30000E-06  4.00000E-06  0.000170000  0.000198000   0.00185200   0.00141300    0.0351230    0.0432280
 975.0  4.30000E-06  4.00000E-06  0.000327000  0.000392000   0.00184500   0.00123000    0.0348940    0.0429470
 976.0  4.20000E-06  4.00000E-06  0.000384000  0.000474000   0.00184200   0.00110500    0.0374800    0.0455110
 977.0  4.00000E-06  4.00000E-06  0.000503000  0.000640000   0.00179100  0.000985000    0.0373700    0.0453780
 978.0  3.90000E-06  4.00000E-06  0.000604000  0.000791000   0.00178200  0.000826000    0.0372370    0.0478760
 979.0  3.80000E-06  5.00000E-06  0.000766000   0.00102800   0.00175200  0.000784000    0.0371460    0.0477600
 980.0  3.80000E-06  5.00000E-06  0.000909000   0.00124700   0.00170400  0.000779000    0.0370430    0.0502730
 981.0  3.80000E-06  5.00000E-06   0.00109500   0.00153600   0.00159100  0.000770000    0.0369710    0.0501740
 982.0  3.70000E-06  5.00000E-06   0.00120000   0.00172400   0.00151000  0.000701000    0.0368920    0.0527020
 983.0  3.70000E-06  5.00000E-06   0.00173700   0.00250200   0.00140700  0.000732000    0.0396550    0.0528730
 984.0  3.70000E-06  5.00000E-06   0.00224900   0.00325000   0.00134300  0.000701000    0.0398020    0.0530690
 985.0  3.60000E-06  5.00000E-06   0.00262900   0.00381000   0.00121500  0.000668000    0.0425760    0.0532200
 986.0  3.50000E-06  5.00000E-06   0.00298500   0.00434000   0.00106700  0.000691000    0.0453300    0.0533300
 987.0  3.50000E-06  5.00000E-06   0.00326700   0.00483000  0.000988000  0.000679000    0.0444610    0.0549230
 988.0  3.50000E-06  5.00000E-06   0.00353400   0.00531400  0.000914000  0.000731000    0.0462650    0.0565460
 989.0  3.50000E-06  5.00000E-06   0.00368100   0.00563200  0.000780000  0.000720000    0.0454080    0.0554990
 990.0  3.40000E-06  5.00000E-06   0.00378000   0.00588300  0.000709000  0.000709000    0.0470270    0.0569270
 991.0  3.50000E-06  5.00000E-06   0.00300300   0.00466100  0.000647000  0.000765000    0.0474580    0.0599460
 992.0  3.70000E-06  5.00000E-06   0.00227000   0.00351100  0.000584000  0.000759000    0.0504470    0.0630580
 993.0  3.80000E-06  6.00000E-06   0.00161500   0.00249100  0.000521000  0.000811000    0.0534340    0.0636110
 994.0  3.90000E-06  6.00000E-06  0.000983000   0.00151100  0.000462000  0.000808000    0.0539260    0.0667660
 995.0  4.00000E-06  6.00000E-06  0.000780000   0.00118800  0.000446000  0.000836000    0.0512820    0.0666670
 996.0  4.10000E-06  6.00000E-06  0.000612000  0.000924000  0.000482000  0.000856000    0.0486050    0.0690710
 997.0  4.20000E-06  6.00000E-06  0.000433000  0.000647000  0.000465000  0.000878000    0.0485690    0.0690180
 998.0  4.30000E-06  7.00000E-06  0.000264000  0.000390000  0.000494000  0.000890000    0.0459350    0.0689030
 999.0  4.30000E-06  7.00000E-06  0.000196000  0.000286000  0.000431000   0.00100700    0.0406850    0.0686560
1000.0  4.40000E-06  7.00000E-06  0.000130000  0.000186000  0.000418000   0.00111400    0.0379990    0.0709320
1001.0  4.40000E-06  7.00000E-06  4.30000E-05  6.10000E-05  0.000360000   0.00121500    0.0353710    0.0707430
1002.0  4.50000E-06  7.00000E-06  1.10000E-05  1.50000E-05  0.000348000   0.00130400    0.0301600    0.0703740
1003.0  4.50000E-06  6.00000E-06  4.40000E-05  6.00000E-05  0.000336000   0.00142800    0.0275410    0.0701040
1004.0  4.50000E-06  6.00000E-06  0.000112000  0.000152000  0.000365000   0.00154200    0.0249560    0.0698780
1005.0  4.50000E-06  6.00000E-06  0.000185000  0.000247000  0.000353000   0.00168600    0.0224070    0.0672220
1006.0  4.50000E-06  5.00000E-06  0.000260000  0.000342000  0.000378000   0.00177600    0.0198550    0.0670090
1007.0  4.30000E-06  5.00000E-06  0.000190000  0.000246000  0.000376000   0.00199400    0.0172920    0.0666980
1008.0  4.10000E-06  4.00000E-06  0.000120000  0.000152000  0.000374000   0.00220500    0.0171760    0.0662490
1009.0  3.90000E-06  4.00000E-06  7.20000E-05  9.00000E-05  0.000371000   0.00245000    0.0146240    0.0633720
1010.0  3.60000E-06  3.00000E-06  1.30000E-05  1.50000E-05  0.000369000   0.00265400    0.0121010    0.0629230
1011.0  3.80000E-06  3.00000E-06  1.40000E-05  1.60000E-05  0.000421000   0.00275700   0.00960400    0.0624260
1012.0  3.80000E-06  3.00000E-06  1.50000E-05  1.70000E-05  0.000480000   0.00287700   0.00953200    0.0619600
1013.0  3.90000E-06  3.00000E-06  1.60000E-05  1.90000E-05  0.000537000   0.00293500   0.00945600    0.0590970
1014.0  3.80000E-06  3.00000E-06  1.80000E-05  2.00000E-05  0.000602000   0.00305100   0.00703900    0.0586610
1015.0  3.60000E-06  3.00000E-06  1.80000E-05  2.00000E-05  0.000678000   0.00298200   0.00692800    0.0577330
1016.0  3.40000E-06  2.00000E-06  1.80000E-05  2.00000E-05  0.000761000   0.00285300   0.00682000    0.0568290
1017.0  3.20000E-06  2.00000E-06  1.80000E-05  1.90000E-05  0.000891000   0.00272400   0.00669900    0.0535920
1018.0  3.00000E-06  2.00000E-06  1.80000E-05  1.90000E-05  0.000983000   0.00253500   0.00659300    0.0527440
1019.0  3.00000E-06  2.00000E-06  1.90000E-05  2.00000E-05   0.00115500   0.00242100   0.00657100    0.0525660
1020.0  2.90000E-06  2.00000E-06  2.00000E-05  2.00000E-05   0.00134000   0.00227200   0.00654200    0.0545190
1021.0  2.80000E-06  2.00000E-06  2.00000E-05  2.10000E-05   0.00159400   0.00208400   0.00433200    0.0541510
1022.0  2.70000E-06  2.00000E-06  2.10000E-05  2.10000E-05   0.00180500   0.00187000   0.00431300    0.0539100
1023.0  2.60000E-06  2.00000E-06  2.20000E-05  2.10000E-05   0.00201200   0.00181100   0.00426100    0.0532640
1024.0  2.60000E-06  2.00000E-06  2.20000E-05  2.10000E-05   0.00215900   0.00174100   0.00421200    0.0547500
1025.0  2.50000E-06  2.00000E-06  2.30000E-05  2.20000E-05   0.00238100   0.00173200   0.00208200    0.0541210
1026.0  2.40000E-06  2.00000E-06  2.30000E-05  2.20000E-05   0.00253800   0.00164200   0.00205800    0.0535190
1027.0  2.30000E-06  2.00000E-06  2.40000E-05  2.20000E-05   0.00280100   0.00163400   0.00203600    0.0549800
1028.0  2.20000E-06  1.00000E-06  2.40000E-05  2.20000E-05   0.00298600   0.00153300   0.00201400    0.0564020
1029.0  2.10000E-06  1.00000E-06  2.40000E-05  2.20000E-05   0.00317700   0.00150500   0.00199000    0.0576990
1030.0  2.00000E-06  1.00000E-06  2.40000E-05  2.10000E-05   0.00345300   0.00146700   0.00196700    0.0590070
1031.0  2.00000E-06  1.00000E-06  2.40000E-05  2.10000E-05   0.00345400   0.00141700   0.00194600    0.0603320
1032.0  1.90000E-06  1.00000E-06  2.50000E-05  2.10000E-05   0.00344100   0.00144900   0.00192100    0.0614880
1033.0  1.80000E-06  1.00000E-06  2.50000E-05  2.10000E-05   0.00351900   0.00138900   0.00190000    0.0627020
1034.0  1.70000E-06  1.00000E-06  2.50000E-05  2.10000E-05   0.00350200   0.00142000   0.00187900    0.0638960
1035.0  1.70000E-06  1.00000E-06  2.50000E-05  2.10000E-05   0.00340300   0.00141800   0.00185500    0.0630780
1036.0  1.60000E-06  1.00000E-06  2.50000E-05  2.00000E-05   0.00330800   0.00132300  0.000917000    0.0642060
1037.0  1.50000E-06  1.00000E-06  2.40000E-05  2.00000E-05   0.00321200   0.00132300  0.000907000    0.0634580
1038.0  1.40000E-06  1.00000E-06  2.40000E-05  1.90000E-05   0.00310900   0.00122500  0.000894000    0.0625800
1039.0  1.30000E-06  1.00000E-06  2.40000E-05  1.90000E-05   0.00293400   0.00119200  0.000882000    0.0599940
1040.0  1.30000E-06  1.00000E-06  2.30000E-05  1.80000E-05   0.00276000   0.00115800  0.000871000    0.0574640
1041.0  1.20000E-06  1.00000E-06  2.30000E-05  1.80000E-05   0.00259500   0.00112400  0.000858000    0.0549130
1042.0  1.10000E-06  1.00000E-06  2.30000E-05  1.70000E-05   0.00243800   0.00109300  0.000848000    0.0525570
1043.0  1.10000E-06  1.00000E-06  2.20000E-05  1.70000E-05   0.00242200   0.00108600  0.000839000    0.0503140
1044.0  1.00000E-06  1.00000E-06  2.10000E-05  1.60000E-05   0.00239700  0.000992000   0.00165600    0.0496790
1045.0  9.00000E-07  1.00000E-06  2.10000E-05  1.50000E-05   0.00229800  0.000903000   0.00327400    0.0474760
1046.0  9.00000E-07  1.00000E-06  4.00000E-05  2.90000E-05   0.00227900  0.000895000   0.00323800    0.0453350
1047.0  8.00000E-07  1.00000E-06  3.90000E-05  2.90000E-05   0.00226200  0.000858000   0.00318400    0.0397950
1048.0  8.00000E-07  1.00000E-06  1.90000E-05  1.40000E-05   0.00216600  0.000747000   0.00156800    0.0360550
1049.0  8.00000E-07  1.00000E-06  1.90000E-05  1.30000E-05   0.00215100  0.000717000  0.000773000    0.0324620
1050.0  1.30000E-06  1.00000E-06  1.80000E-05  1.30000E-05   0.00205300  0.000684000  0.000760000    0.0273560
1051.0  1.20000E-06  1.00000E-06  3.40000E-05  2.40000E-05   0.00193000  0.000579000  0.000748000    0.0254240
1052.0  1.10000E-06  1.00000E-06  6.30000E-05  4.60000E-05   0.00181900  0.000485000  0.000737000    0.0235840
1053.0  1.00000E-06  1.00000E-06  8.90000E-05  6.40000E-05   0.00170800  0.000455000  0.000725000    0.0232090
1054.0  9.00000E-07  1.00000E-06  0.000110000  7.90000E-05   0.00159900  0.000373000  0.000715000    0.0214530
1055.0  8.00000E-07  1.00000E-06  0.000257000  0.000186000   0.00150100  0.000311000  0.000705000    0.0211360
1056.0  7.00000E-07  1.00000E-06  0.000407000  0.000294000   0.00145800  0.000251000  0.000695000    0.0208360
1057.0  7.00000E-07  1.00000E-06  0.000511000  0.000369000   0.00136200  0.000146000  0.000682000    0.0218250
1058.0  6.00000E-07  1.00000E-06  0.000614000  0.000444000   0.00127500  9.40000E-05  0.000672000    0.0215180
1059.0  6.00000E-07  1.00000E-06  0.000588000  0.000426000   0.00132500  9.10000E-05  0.000661000    0.0198230
1060.0  5.00000E-07  1.00000E-06  0.000558000  0.000406000   0.00136700  0.000132000  0.000648000    0.0194400
1061.0  5.00000E-07  1.00000E-06  0.000526000  0.000383000   0.00140300  0.000170000  0.000635000    0.0177840
1062.0  4.00000E-07  1.00000E-06  0.000493000  0.000361000   0.00143800  0.000164000  0.000624000    0.0162290
1063.0  4.00000E-07  1.00000E-06  0.000351000  0.000259000   0.00141500  0.000121000  0.000610000    0.0158560
1064.0  3.00000E-07  1.00000E-06  0.000242000  0.000180000   0.00135200  8.00000E-05   0.00118800    0.0142610
1065.0  3.00000E-07  1.00000E-06  0.000152000  0.000114000   0.00133600  2.00000E-05   0.00232500    0.0127890
1066.0  3.00000E-07  1.00000E-06  7.10000E-05  5.30000E-05   0.00127700  1.90000E-05   0.00227500    0.0125140
1067.0  4.00000E-07  1.00000E-06  5.80000E-05  4.40000E-05   0.00130000  2.00000E-05   0.00222600    0.0122440
1068.0  3.00000E-07  1.00000E-06  4.70000E-05  3.60000E-05   0.00132200  2.00000E-05   0.00218600    0.0109300
1069.0  3.00000E-07  1.00000E-06  3.00000E-05  2.30000E-05   0.00130500  2.00000E-05   0.00107300    0.0107280
1070.0  3.00000E-07  1.00000E-06  2.10000E-05  1.60000E-05   0.00131600  4.10000E-05   0.00104700    0.0104680
1071.0  3.00000E-07  1.00000E-06  4.00000E-06  3.00000E-06   0.00129000  4.20000E-05   0.00204700    0.0112580
1072.0  3.00000E-07  1.00000E-06  4.00000E-06  3.00000E-06   0.00125800  4.20000E-05   0.00200100    0.0120050
1073.0  3.00000E-07  1.00000E-06  4.00000E-06  3.00000E-06   0.00122800  4.20000E-05   0.00293500    0.0117390
1074.0  3.00000E-07  1.00000E-06  4.00000E-06  3.00000E-06   0.00119600  4.30000E-05   0.00383500    0.0124650
1075.0  3.00000E-07  1.00000E-06  4.00000E-06  3.00000E-06   0.00124100  4.40000E-05   0.00376700    0.0113020
1076.0  3.00000E-07  1.00000E-06  5.00000E-06  4.00000E-06   0.00127900  9.10000E-05   0.00369100   0.00922700
1077.0  4.00000E-07  1.00000E-06  5.00000E-06  4.00000E-06   0.00126800  9.40000E-05   0.00360800   0.00811900
1078.0  4.00000E-07  1.00000E-06  6.00000E-06  5.00000E-06   0.00129600  9.60000E-05   0.00352400   0.00616700
1079.0  4.00000E-07  1.00000E-06  7.00000E-06  5.00000E-06   0.00147000  9.80000E-05   0.00257700   0.00687100
1080.0  6.00000E-07  1.00000E-06  7.00000E-06  6.00000E-06   0.00160200  0.000150000   0.00168100   0.00672500
1081.0  6.00000E-07  1.00000E-06  8.00000E-06  7.00000E-06   0.00178100  0.000153000  0.000820000   0.00656200
1082.0  7.00000E-07  1.00000E-06  9.00000E-06  8.00000E-06   0.00191900  0.000156000  0.000401000   0.00722400
1083.0  7.00000E-07  1.00000E-06  9.00000E-06  8.00000E-06   0.00181000  0.000213000  0.000391000   0.00626200
1084.0  7.00000E-07  1.00000E-06  9.00000E-06  9.00000E-06   0.00170000  0.000274000  0.000384000   0.00537600
1085.0  8.00000E-07  1.00000E-06  1.00000E-05  9.00000E-06   0.00151400  0.000280000  0.000375000   0.00449700
1086.0  8.00000E-07  1.00000E-06  1.00000E-05  1.00000E-05   0.00137100  0.000343000  0.000365000   0.00365100
1087.0  9.00000E-07  1.00000E-06  1.10000E-05  1.10000E-05   0.00143500  0.000230000  0.000356000   0.00356300
1088.0  9.00000E-07  1.00000E-06  1.20000E-05  1.20000E-05   0.00156000  0.000116000  0.000348000   0.00348300
1089.0  1.00000E-06  1.00000E-06  1.30000E-05  1.30000E-05   0.00161200  2.90000E-05  0.000337000   0.00337400
1090.0  1.10000E-06  1.00000E-06  1.40000E-05  1.40000E-05   0.00166200  2.90000E-05  0.000654000   0.00326800
1091.0  1.10000E-06  1.00000E-06  1.40000E-05  1.50000E-05   0.00177100  2.90000E-05  0.000643000   0.00321700
1092.0  1.10000E-06  1.00000E-06  1.40000E-05  1.50000E-05   0.00181000  5.70000E-05  0.000315000   0.00251700
1093.0  1.20000E-06  2.00000E-06  1.50000E-05  1.60000E-05   0.00189900  0.000112000  0.000307000   0.00245600
1094.0  1.50000E-06  2.00000E-06  1.50000E-05  1.60000E-05   0.00194100  0.000166000  0.000301000   0.00240900
1095.0  1.60000E-06  2.00000E-06  1.60000E-05  1.70000E-05   0.00200900  0.000217000  0.000296000   0.00354800
1096.0  1.70000E-06  2.00000E-06  1.70000E-05  1.80000E-05   0.00201100  0.000265000  0.000289000   0.00462300
1097.0  1.80000E-06  2.00000E-06  1.80000E-05  2.00000E-05   0.00206500  0.000310000  0.000283000   0.00508600
1098.0  1.80000E-06  2.00000E-06  1.80000E-05  2.10000E-05   0.00206800  0.000353000  0.000277000   0.00609100
1099.0  1.80000E-06  2.00000E-06  1.80000E-05  2.00000E-05   0.00187500  0.000345000  0.000269000   0.00538800
1100.0  1.80000E-06  2.00000E-06  1.70000E-05  2.00000E-05   0.00168800  0.000338000  0.000524000   0.00471900
